3.54732e-06
0.009082
0.0123801
0.0099971
0.0102181
0.0114866
0.0114697
0.0112809
0.0113475
0.0113949
0.0113614
0.0113402
0.0113371
0.011329
0.0113189
0.0113126
0.0113074
0.0113026
0.0112986
0.0112953
0.0112925
0.0112901
0.011288
0.0112863
0.0112848
0.0112835
0.0112824
0.0112815
0.0112806
0.01128
0.0112794
0.0112789
0.0112784
0.0112781
0.0112777
0.0112775
0.0112772
0.011277
0.0112769
0.0112767
0.0112766
0.0112765
0.0112764
0.0112763
0.0112763
0.0112762
0.0112762
0.0112761
0.0112761
0.0112761
0.0112761
0.011276
0.011276
0.011276
0.011276
0.011276
0.011276
0.011276
0.011276
0.011276
0.011276
0.0112759
0.0112759
0.0112759
0.0112759
0.0112759
0.0112759
0.0112759
0.0112759
0.0112759
