3.54732e-06
0.0222373
0.0109741
0.00966967
0.00966549
0.00955457
0.00949641
0.00946189
0.00941043
0.00938244
0.00935673
0.00933958
0.00932123
0.00930857
0.00929701
0.00928856
0.00928071
0.0092748
0.0092696
0.00926564
0.00926209
0.00925936
0.00925697
0.0092551
0.00925346
0.00925218
0.00925106
0.00925018
0.00924941
0.00924881
0.00924828
0.00924786
0.0092475
0.00924721
0.00924696
0.00924676
0.00924659
0.00924645
0.00924633
0.00924624
0.00924615
0.00924609
0.00924603
0.00924598
0.00924594
0.00924591
0.00924589
0.00924586
0.00924584
0.00924583
0.00924582
0.00924581
0.0092458
0.00924579
0.00924578
0.00924578
0.00924577
0.00924577
0.00924577
0.00924576
0.00924576
0.00924576
0.00924576
0.00924576
0.00924576
0.00924576
0.00924576
0.00924575
0.00924575
0.00924575
