3.54732e-06
0.00121658
0.000894104
0.00124123
0.00229243
0.00279058
0.00279255
0.00288308
0.00300045
0.00302665
0.00302547
0.00303495
0.00304046
0.00303908
0.00303734
0.00303634
0.00303489
0.0030333
0.00303197
0.00303079
0.00302972
0.0030288
0.003028
0.0030273
0.0030267
0.00302618
0.00302574
0.00302536
0.00302503
0.00302475
0.00302451
0.0030243
0.00302413
0.00302398
0.00302385
0.00302374
0.00302364
0.00302356
0.0030235
0.00302344
0.00302339
0.00302335
0.00302331
0.00302328
0.00302326
0.00302324
0.00302322
0.0030232
0.00302319
0.00302318
0.00302317
0.00302316
0.00302315
0.00302315
0.00302314
0.00302314
0.00302314
0.00302313
0.00302313
0.00302313
0.00302313
0.00302313
0.00302312
0.00302312
0.00302312
0.00302312
0.00302312
0.00302312
0.00302312
0.00302312
