3.54732e-06
0.0112528
0.0115444
0.00889001
0.00907867
0.00947862
0.00909306
0.00886253
0.00880601
0.00871247
0.00861203
0.00854947
0.00849981
0.00845507
0.00842013
0.00839286
0.00837028
0.00835217
0.00833768
0.00832596
0.00831654
0.00830896
0.00830285
0.00829793
0.00829397
0.00829078
0.00828821
0.00828614
0.00828447
0.00828312
0.00828204
0.00828116
0.00828046
0.00827989
0.00827943
0.00827906
0.00827876
0.00827852
0.00827832
0.00827817
0.00827804
0.00827794
0.00827786
0.00827779
0.00827773
0.00827769
0.00827766
0.00827763
0.0082776
0.00827758
0.00827757
0.00827756
0.00827755
0.00827754
0.00827753
0.00827753
0.00827752
0.00827752
0.00827752
0.00827752
0.00827751
0.00827751
0.00827751
0.00827751
0.00827751
0.00827751
0.00827751
0.00827751
0.00827751
0.00827751
