3.54732e-06
0.258278
0.215491
0.226037
0.216928
0.225759
0.220676
0.225164
0.222252
0.225392
0.223372
0.225389
0.22404
0.225432
0.224501
0.225437
0.224808
0.225454
0.22501
0.225461
0.225155
0.225465
0.225253
0.22547
0.225319
0.225472
0.225367
0.225473
0.2254
0.225475
0.225422
0.225476
0.225438
0.225476
0.225449
0.225476
0.225457
0.225476
0.225463
0.225476
0.225467
0.225476
0.225469
0.225476
0.225471
0.225476
0.225473
0.225476
0.225474
0.225476
0.225474
0.225476
0.225475
0.225476
0.225475
0.225476
0.225475
0.225476
0.225475
0.225476
0.225476
0.225476
0.225476
0.225476
0.225476
0.225476
0.225476
0.225476
0.225476
0.225476
